1200
1197.51
1195.04
1192.6
1190.17
1187.76
1185.37
1183
1180.65
1178.32
1176.01
1173.71
1171.44
1169.18
1166.93
1164.71
1162.5
1160.31
1158.13
1155.97
1153.83
1151.71
1149.59
1147.5
1145.42
1143.35
1141.3
1139.27
1137.24
1135.24
1133.24
1131.26
1129.3
1127.35
1125.41
1123.48
1121.57
1119.67
1117.79
1115.91
1114.05
1112.2
1110.37
1108.54
1106.73
1104.93
1103.14
1101.37
1099.6
1097.85
1096.1
1094.37
1092.65
1090.94
1089.24
1087.55
1085.87
1084.2
1082.54
1080.9
1079.26
1077.63
1076.01
1074.4
1072.8
1071.22
1069.64
1068.06
1066.5
1064.95
1063.41
1061.87
1060.35
1058.83
1057.32
1055.82
1054.33
1052.85
1051.37
1049.91
1048.45
1047
1045.56
1044.12
1042.7
1041.28
1039.87
1038.46
1037.07
1035.68
1034.3
1032.93
1031.56
1030.2
1028.85
1027.51
1026.17
1024.84
1023.51
1022.2
1020.89
1019.58
1018.29
1017
1015.71
1014.44
1013.16
1011.9
1010.64
1009.39
1008.14
1006.9
1005.67
1004.44
1003.22
1002.01
1000.8
999.593
998.395
997.203
996.016
994.835
993.66
992.49
991.325
990.167
989.013
987.865
986.722
985.585
984.452
983.325
982.203
981.086
979.975
978.868
977.766
976.669
975.578
974.491
973.408
972.331
971.258
970.191
969.127
968.069
967.015
965.966
964.921
963.881
962.845
961.813
960.786
959.764
958.746
957.732
956.722
955.717
954.716
953.719
952.726
951.737
950.753
949.772
948.796
947.823
946.855
945.89
944.93
943.973
943.02
942.071
941.126
940.184
939.247
938.313
937.383
936.456
935.533
934.614
933.699
932.787
931.878
930.973
930.072
929.174
928.279
927.388
926.501
925.616
924.736
923.858
922.984
922.113
921.245
920.381
919.52
918.662
917.807
916.956
916.108
915.262
914.42
913.581
912.745
911.912
911.083
910.256
909.432
908.611
907.793
906.978
906.166
905.357
904.551
903.748
902.947
902.149
901.354
900.562
899.773
898.987
898.203
897.422
896.643
895.868
895.095
894.324
893.557
892.792
892.029
891.27
890.512
889.758
889.006
888.256
887.509
886.765
886.023
885.283
884.546
883.811
883.079
882.349
881.622
880.897
880.175
879.454
878.736
878.021
877.308
1200
1137.79
1087.51
1045.55
1009.7
978.52
951.015
926.476
904.372
884.304
865.959
