1200
1197.52
1195.06
1192.63
1190.21
1187.81
1185.43
1183.07
1180.73
1178.41
1176.1
1173.81
1171.55
1169.29
1167.06
1164.84
1162.64
1160.46
1158.29
1156.14
1154
1151.88
1149.77
1147.68
1145.61
1143.55
1141.51
1139.48
1137.46
1135.46
1133.47
1131.5
1129.54
1127.59
1125.66
1123.74
1121.83
1119.94
1118.05
1116.19
1114.33
1112.48
1110.65
1108.83
1107.02
1105.23
1103.44
1101.67
1099.91
1098.16
1096.42
1094.69
1092.97
1091.26
1089.57
1087.88
1086.21
1084.54
1082.89
1081.24
1079.61
1077.98
1076.36
1074.76
1073.16
1071.58
1070
1068.43
1066.87
1065.32
1063.78
1062.25
1060.72
1059.21
1057.7
1056.2
1054.72
1053.23
1051.76
1050.3
1048.84
1047.39
1045.95
1044.52
1043.1
1041.68
1040.27
1038.87
1037.48
1036.09
1034.71
1033.34
1031.97
1030.62
1029.27
1027.92
1026.59
1025.26
1023.93
1022.62
1021.31
1020.01
1018.71
1017.42
1016.14
1014.86
1013.59
1012.33
1011.07
1009.82
1008.58
1007.34
1006.11
1004.88
1003.66
1002.44
1001.24
1000.03
998.835
997.644
996.458
995.278
994.103
992.934
991.77
990.612
989.459
988.311
987.169
986.032
984.9
983.774
982.652
981.536
980.425
979.319
978.217
977.121
976.03
974.943
973.861
972.784
971.712
970.644
969.582
968.523
967.47
966.421
965.376
964.336
963.301
962.27
961.243
960.221
959.203
958.189
957.18
956.174
955.173
954.177
953.184
952.195
951.211
950.231
949.254
948.282
947.314
946.349
945.389
944.432
943.479
942.53
941.585
940.644
939.706
938.772
937.842
936.916
935.993
935.074
934.158
933.246
932.338
931.433
930.531
929.633
928.739
927.848
926.96
926.076
925.195
924.317
923.443
922.572
921.704
920.84
919.979
919.121
918.266
917.414
916.566
915.72
914.878
914.039
913.203
912.37
911.54
910.713
909.889
909.068
908.25
907.435
906.622
905.813
905.007
904.203
903.402
902.605
901.81
901.017
900.228
899.441
898.657
897.876
897.097
896.321
895.548
894.778
894.01
893.244
892.482
891.722
890.964
890.209
889.457
888.707
887.96
887.215
886.473
885.733
884.996
884.261
883.528
882.798
882.071
881.346
880.623
879.902
879.184
878.468
877.755
1200
1143.76
1096.73
1056.56
1021.68
990.989
963.672
939.134
916.915
896.657
878.077
