1200
1197.52
1195.06
1192.63
1190.21
1187.81
1185.43
1183.07
1180.73
1178.41
1176.1
1173.81
1171.54
1169.29
1167.06
1164.84
1162.64
1160.46
1158.29
1156.14
1154
1151.88
1149.77
1147.68
1145.61
1143.55
1141.51
1139.48
1137.46
1135.46
1133.47
1131.5
1129.54
1127.59
1125.66
1123.74
1121.83
1119.94
1118.05
1116.18
1114.33
1112.48
1110.65
1108.83
1107.02
1105.23
1103.44
1101.67
1099.91
1098.16
1096.42
1094.69
1092.97
1091.26
1089.57
1087.88
1086.21
1084.54
1082.89
1081.24
1079.61
1077.98
1076.36
1074.76
1073.16
1071.58
1070
1068.43
1066.87
1065.32
1063.78
1062.25
1060.72
1059.21
1057.7
1056.2
1054.72
1053.23
1051.76
1050.3
1048.84
1047.39
1045.95
1044.52
1043.1
1041.68
1040.27
1038.87
1037.47
1036.09
1034.71
1033.34
1031.97
1030.62
1029.26
1027.92
1026.59
1025.26
1023.93
1022.62
1021.31
1020.01
1018.71
1017.42
1016.14
1014.86
1013.59
1012.33
1011.07
1009.82
1008.58
1007.34
1006.11
1004.88
1003.66
1002.44
1001.24
1000.03
998.835
997.643
996.457
995.277
994.102
992.933
991.769
990.611
989.458
988.311
987.169
986.032
984.9
983.773
982.652
981.536
980.424
979.318
978.217
977.12
976.029
974.942
973.861
972.784
971.711
970.644
969.581
968.523
967.469
966.42
965.376
964.336
963.3
962.269
961.242
960.22
959.202
958.188
957.179
956.174
955.173
954.176
953.183
952.195
951.21
950.23
949.254
948.281
947.313
946.349
945.388
944.431
943.479
942.53
941.585
940.643
939.706
938.772
937.842
936.915
935.992
935.073
934.158
933.245
932.337
931.432
930.531
929.633
928.738
927.847
926.959
926.075
925.194
924.317
923.442
922.571
921.704
920.839
919.978
919.12
918.265
917.414
916.565
915.72
914.878
914.038
913.202
912.369
911.539
910.712
909.888
909.067
908.249
907.434
906.622
905.813
905.006
904.203
903.402
902.604
901.809
901.017
900.227
899.44
898.656
897.875
897.097
896.321
895.548
894.777
894.009
893.244
892.481
891.721
890.964
890.209
889.457
888.707
887.959
887.215
886.472
885.733
884.995
884.26
883.528
882.798
882.07
881.345
880.622
879.902
879.184
878.468
877.754
1200
1143.55
1096.42
1056.2
1021.31
990.611
963.3
938.772
916.565
896.321
877.754
