1200
1197.51
1195.03
1192.58
1190.15
1187.74
1185.34
1182.97
1180.62
1178.28
1175.96
1173.66
1171.38
1169.12
1166.87
1164.64
1162.43
1160.23
1158.05
1155.89
1153.74
1151.61
1149.5
1147.4
1145.32
1143.25
1141.19
1139.15
1137.13
1135.12
1133.12
1131.14
1129.17
1127.21
1125.27
1123.34
1121.43
1119.53
1117.64
1115.76
1113.9
1112.05
1110.21
1108.38
1106.57
1104.76
1102.97
1101.19
1099.42
1097.67
1095.92
1094.19
1092.46
1090.75
1089.05
1087.35
1085.67
1084
1082.34
1080.69
1079.05
1077.42
1075.8
1074.19
1072.59
1071
1069.41
1067.84
1066.28
1064.72
1063.18
1061.64
1060.11
1058.59
1057.08
1055.58
1054.09
1052.6
1051.13
1049.66
1048.2
1046.75
1045.3
1043.87
1042.44
1041.02
1039.6
1038.2
1036.8
1035.41
1034.03
1032.66
1031.29
1029.93
1028.57
1027.23
1025.89
1024.56
1023.23
1021.91
1020.6
1019.3
1018
1016.7
1015.42
1014.14
1012.87
1011.6
1010.34
1009.09
1007.84
1006.6
1005.37
1004.14
1002.91
1001.7
1000.49
999.281
998.082
996.888
995.7
994.518
993.341
992.17
991.004
989.844
988.689
987.54
986.396
985.257
984.123
982.995
981.872
980.754
979.641
978.533
977.43
976.332
975.239
974.151
973.068
971.989
970.915
969.846
968.782
967.722
966.667
965.617
964.571
963.53
962.493
961.46
960.432
959.409
958.39
957.375
956.364
955.358
954.355
953.357
952.364
951.374
950.388
949.407
948.43
947.456
946.487
945.521
944.56
943.602
942.648
941.698
940.752
939.81
938.871
937.937
937.006
936.078
935.154
934.234
933.318
932.405
931.496
930.59
929.688
928.789
927.894
927.002
926.113
925.228
924.347
923.468
922.593
921.722
920.853
919.988
919.126
918.268
917.412
916.56
915.711
914.865
914.022
913.182
912.346
911.512
910.681
909.854
909.029
908.208
907.389
906.573
905.761
904.951
904.144
903.34
902.539
901.74
900.945
900.152
899.362
898.575
897.791
897.009
896.23
895.454
894.68
893.909
893.141
892.375
891.612
890.852
890.094
889.339
888.586
887.836
887.088
886.343
885.6
884.86
884.123
883.387
882.655
881.924
881.196
880.471
879.748
879.027
878.308
877.592
876.879
1200
1134.62
1082.22
1038.74
1001.75
969.692
941.487
916.377
893.803
873.338
854.656
